Last login: Fri Dec 23 16:29:19 on ttys001
(base) leahkrause@MacBook-Pro-2 ~ % cd desktop/leah_ucb/projects/python-challenge/pybank
(base) leahkrause@MacBook-Pro-2 pybank % python main.py
-1443517
0
631156
0
-1004755
631156
1581126
631156
-289272
1581126
-1098929
1581126
1167557
1581126
-806093
1581126
1124485
1581126
-1736491
1581126
-408383
1581126
604557
1581126
-294345
1581126
1327485
1581126
394323
1581126
243585
1581126
-617439
1581126
-1530577
1581126
1390390
1581126
-1130397
1581126
1293604
1581126
641758
1581126
-337413
1581126
-52031
1581126
-937192
1581126
863841
1581126
-76245
1581126
-100481
1581126
-960729
1581126
591856
1581126
54930
1581126
680102
1581126
-250254
1581126
-840415
1581126
582358
1581126
-48628
1581126
-135256
1581126
978586
1581126
-599210
1581126
-442789
1581126
652924
1581126
-1005714
1581126
1167373
1581126
-234900
1581126
-165147
1581126
-52275
1581126
-302320
1581126
719028
1581126
-1825558
1581126
1287083
1581126
-48303
1581126
210234
1581126
-236414
1581126
585165
1581126
-1400632
1581126
839777
1581126
465229
1581126
317811
1581126
-760202
1581126
-71868
1581126
795457
1581126
-182685
1581126
-1242836
1581126
1371884
1581126
-445193
1581126
10025
1581126
-1043998
1581126
1350395
1581126
80538
1581126
-1223250
1581126
104148
1581126
843924
1581126
-1808664
1581126
1505005
1581126
306402
1581126
-143603
1581126
-1266937
1581126
-162519
1581126
1862002
1581126
-52986
1862002
-1627245
1862002
616795
1862002
628522
1862002
90895
1862002
-224669
1862002
'''
Financial Analysis
------------------------------
Total Months: 86
Total: $ 22564198
Average Change: $ -8311.11
Greatest Increase in Profits :  16-Aug ($ 1862002 )
Greatest Decrease in Profits:  14-Feb ($ -1825558 )
'''
(base) leahkrause@MacBook-Pro-2 pybank % 
